$ANSIBLE_VAULT;1.1;AES256
35386630656435636634643661663730653432363631343138363637373432636232643362636163
3333616134613938363361373361326363626132656231640a326135663062613238333332633431
38613263303431353762333438623436303338343738633334396235643933333232313030383461
6461356662623435300a646462626337396336643663633233643632626230363730313130343539
38363134376266396438353237303137316539643761636661313765326166666433613661396565
30323631613633396361323164316539646438633439623438306266623639383061393964643035
66333661623433363736353364333666666166386139396131663962633463323633353936616262
39396665666662343036383361323431643131623766313461373734303834343965623966363061
32316436383963616539306665666534333630663866626232313134373964643836343030366431
61643932643535376535353038366233346530343961333063343333326366396131633034343733
63313066313334346238376264646233303234343961353832316235353932313336613634623362
64666165336537303964303337663661396330633936613862356163373838626238376439333065
62313337353133313033306637323230653036326336383662363030303361393632376231386436
38313233663431623334653131356364376330643036613364643034303466643930333930356165
66343331623239363066653461643736303762363863643934386235393639633734366131386563
34376539383037373738313365393438326662666230636338313234666166306663333035323331
32323836376461613862346565393965663632653337663466323138616264393037373462626233
66323330353063313132386662396662326666366132323139363133303236323835353032336165
63333934353139393161373830306636336137616162306636386166333138303464646238633436
33626461656264393332333737373766303863653163333131663533346164336532643561643566
61393235333166383830663832373139333736636437613466363332383934623535346232323263
61646333626462326130643538326261613139383731376134636465316338613562333235326334
33653163613339316631666464313165633166333533616531656261623135333161356436363830
65333037316631663165373230666134323762313736646139623262653030393462626363633538
63643237313064396531326363653266653635313634613739623161336466326461336362656135
32303465623261626433663530623134336138633264333330623037636365613133643062356566
35363530663139313161646231646631333739626134666163393363356539653435663432323930
36306461613934633730
