$ANSIBLE_VAULT;1.1;AES256
38363230656636323962633839653264626562613766366166323664616136633338303639623166
6438366163633863363963613265376532393639343833640a376437326532643361353965313335
64313162383233363463333634623439323637613136336538646331656535303337663331386137
6131666361316238380a313730306163326564393732343131653761356562323237303061316135
33386435663732343661623830363031663234303530623365393262623966643865393763373034
37343134316535303430343933313137313639346137613737623035343938653730363433643237
66363866323730313464343931393562666562326131336230623834663639616437363039396537
65353362353434383639306230306534653733333530663866623862616637613932346565633531
65663437333039383835346637643035306431376562313830366631393633626266656430646337
34613636326337313038616664343333643562323738636332663062313465666534323765333932
33653537323039613365646432363031386235363033636462333036333962663138396366363634
30393731376262363539623234353835353763303763343165646431343561653461396133623133
36356466663436316332306238663432316437373333316365386133343932396262396533393236
39346335383533383865303664353461326362373239616331613166336566663130366562306433
62353633363066353938656332663537383038346631383161633432653365616265633165633731
65313437383336343364653339336538633032653532363438356636353434386263613430326163
39326366373661323134633831316363633731663630356337663061323735643365383235393931
63323764353461343463366633613465333839646435323338316664656161333131346135363366
61393166353836306630313538626239363938313636323566313537303739626561646337336438
63653930386234326631373533346232643862623130653935343334636434373463613435643538
61356665363134633965623734633038623562363761386334636561396532636534303038346138
61383830656265303763313532636330323833313339366139346465623730633132636333333638
30663330336563346432326432643065386266336135643634343935663961333432636464636361
39616139353965396534343830663864346534633138623161393032353238396665396635633634
32626261396339623431383130353633383137353436393932323266376431626639656533376432
35303936656565313734373132666161346334323239363930313930303839313565356534646237
38356334303532613233303261383434653030313664383131393162356534393330316331616664
64313263653961386565383065313766373762303532626137333937343063623866353239393161
65626238626632393831393036343264626664633964356439326433366539346463303232376637
38653736623962393937346534613966303339376538376462366532376231386131383136393066
31373864613962333534653533366161313339393732636565636461303962663839386464393732
30646630336339333931366233636233623936653435613739313936653134333932366330326435
38336138636164303730613362353961383932633232333735386565646534376133636561393363
65336332623838613830356663333430633439343234363265363836393861343038393466313934
66373337316561666139383238333030616139346161353337393465393635306639633363633266
36353137396535626231616332366231323131383830316637626662316430323734393464353236
30343830616235616431336163363764393236666466643035306361373235346364643631383033
64653866623636623938656561363262303837626234363230343232663763343637613534366262
38373561363032643262323439666263363534383366373662623035616563303236363131306334
66346531346339303530626665623138393630653161653633363265396539633930636330366462
39393365383934623038373862336233393764396431306163663165666261376530666332333739
66653061366466663334326234373664396636336237326339663438336632646239663333316538
63363631396666313538313539646538393937363538633237613037383264343335373938373064
65623830336564393638356466363231653764653734353462306166313435623435333265303139
33386361656666653461386435326330663863386433346637376265373832303131306539633933
63326266373936623031373733633064663666303137373566353962356261373835346333656239
66613736323661333366336565613464373337356261373435666331616361666364323837356463
65396134666636356438656438356633303731336336343437376132616564653966386162636233
31623265373436353161653633333966353735323634613635616238323365326264393962653431
61343338353766613632383132666664636637346462356364666364363038663733666261303364
36303566346631393930323031663331383436663537373135323262366665376664616663383139
61636131373062663439376234666631323234383265626436346365333264383034636133616566
66396164386231333839646534626634663137323964643636396439646564353464333661316132
38656130633865353133646462353861616661343836346165653764373062323266366563376265
39363231646537356462316530376564326436643035633761303237306533623136643931633136
65393834623862363237373264633966396337316636346362313264323063656462633564356235
33353233633131373135376630336132313931346237323833393339633130386537633136346265
64343331633930623231386664323537643435346230643631666464393264306166373537663762
34333863343464333131613433393963653534663261326665316433333266663832663837356362
33616430313366353733633834306432303738646362363262336162616635343438363361386436
64366131383065383966666139623338653264666363343139313830333365383633366264343336
31636462316365393131303262316261663934346338626236336435356138343961656232323435
66363234333737306233326233383765653063613231646461636437643661353635383032656534
61353233643033306235643033333439386166373033663162613936656664616465666436346137
66343862323235393366666262616665613334363230343964646539383665323637333830306465
38336537373233366532356265383634326162363063383139623636656135353034613866326633
32663533306430343366666162333063303766363839663230346664333539343131343966666136
36653263376135663161306634333231313138616233393264303465363738386165316638663162
31396635363361363732353733333438653138333831313861626432636264396339626636393838
63636139333163356232633463393930626361386439626666343539353737356631303563383630
65396462323637323539313066656534653464313537383934363035616635376662343862376464
33643630393530376361623039336465383034323562643630333837313263313161653831376136
36343765393434383530613065623431323633613336653462326430616332316635323463663030
64393533323339313065643231316130646433376639363836653031363339623663316335393131
37383235316566333530303462646165303137623938666238656136653338663532366432636439
39306362343237336565396666653033656162643432333738363263333737353931326339346165
38346133383563643461646531646433353065306132306235376465313938336566616561643238
63653633306433356630383730373139633434656330316236363233623831363339343335356239
65316262326430633565613366636130313465386166323862663561626564366636323861373434
36353231613038613964393434303961363532366264636134306430366136633030656135313639
32616130643436633836313962313664353834366131653937386665386235636530663434336139
36623435633132303634396464666561623134336633313961656465313039373634616161396161
33356530343865363964613438393534643963376431646632323533383735353162383431643437
34313834326562306332663433633764333433353266333463336363333062316465623262393861
35393432376265626661626436366531633663396539313235653465663531663136626234333636
38376364633531653336363563613537326163343838326133343364643262336261316333303437
31623632353332316662363333343237366665613535643366396631386134383232343138343938
66393234633366373363386262623732313931656564656236643539386662663438303034656239
39653735653332363031316338383032626563626465336261303132383062663937393437613232
64313437303033386137393265316330613432356666623934663631313836663534623161336462
36613234323664303661343034636365663663373633373536633730343762343062653766653039
62643530316434346461623539366465323237666661356338393465616230373266323232623834
30653530323839323130373964393961643639633633376133666463656562376564316232326565
61353034643631393832656138363064353866653966323930316235383237623036663666666161
33353038643433386531356363393533376462656434646163303235343737623631373433396637
39356132373265653133303463393766316461653936613361323939613464386266656264366238
37643466303735383862643464383933653934343362373338323166653831386532313938376639
64353438326137356533303738663661653630373461646130323936666565383339393036376263
63346539633734646466663837653933656164386436623937373938306532366361616537323537
37356531663439323164613439393635326266323637626233656633333264613735333839616363
62663637376131646235323332646331373139663938313438373062343135336264373265316333
65666130626530303636303161333430316533646231316431336336366263623862373132613335
38656439366233656231316237393938313332343938396165396434633938663035376130396531
38656337623533613863383138666465363339643465346137343833653530373832343539373362
31303932353130376232633630323631376136386533323166363939396232633436653865306634
36643964616362383035633637623337663530343765336235363861636236346331343937323132
33336234623663656139623130336134383333346136393736313963353236333064303462356362
62666535323966666265353731353135623562373265663438653033356636346239636565623438
35336561393332636133633035363662363061643332343537393965623836656333663166633862
38343062343063376134343031643838323232663531666432353037613033616665393430313331
36373366653965393434323663356464363738643432353431646636633938316466396462643238
34633539383535666337316336303765666234303435356539373461353038303936346461663964
66313030626361373731306561363962353639346561636138656563613632396339393039373730
33653439366138636631653161393437663365333831313439343334393532623863633764643038
33303266343663316361346565623765303765646262663238343336623364363739636639343231
32353937663431653136646361313431366637633131353438353061643563383062626133383032
36643937663764366234633732653561333461383238616636306330333337653563623332623965
30636432313366383861643262623566396330623838653830353966643661613032643433393835
34366538626434346335613338626161313131333637333365623662353935396635303763656665
32333631393239313238646432393663383834623966636136646539326138643834343164353231
32613433336264663264343830343363383039333663346430336233303431313865613034613030
31303136343831616333623735663164366165663965303334633635613162343236396538613564
37306332646530663235363635323731343439643765383132333237316534346131653734346633
64653238633661613064376462303865313535313866343233646163383836626338613030363066
38333930623332636661643833643662616262623436626235646431636331306330383063653932
66383731376439353266396437343965353262303966316239336231303932363131633831376462
33643764306635326231613135376439323764306437613133303739383464356263656136356138
62666431303961666363353464663239646564636635373835666164343562323837613564393730
30663435373830646161333536356632393130323633393230393466353635346634613766633331
34386362363232323566666337633339306238636666353566366563316563626437306463653262
64383037653734633062356337653164653739663162306636306235306635373032333566626635
33343035396332353064656135303435366335653561613531336439316165653161313365353431
31316266353566636163323637663831643930363966373137396461343266373030343966336362
66333236333539326164643733366533623636646337353365666433633434336431643738356162
39656233336632303063643230333365653036326162626135666164386530383435306666313962
35373038373866396639363338613266393537613135333366646563653835303936613539643839
37666462376238343965663566386337376163303663383436366533633664363634653737353033
66383037653564316633666562313230323936323738396436636164313237383639616331316339
63396634303834393661313336303265633934643635323932613338343966303430353138313061
61616537363434653633303535656336666235356534636661323365316638383534343464626162
35653661353866313038626166633730326430306339616537633835343931353238333865386365
30353033363264303363663439383530626531666532353834346231393433616236656333343064
33333462343132346437323266303134303039366139383936616132313933666533653163313038
30613466393363316231666133373336316333643336333637656330373031373464623461636466
38346362633631363463383332346335386233363061343762383432616437633838623439633064
37373066333361613137646665363465616539653363373862663434383836383966636234663664
30633864303563383130343766323363316633663061363261303939623533306238383266663338
33663936313430356465656164356434646462353163303135323832346366646235333336646562
65663365393933306235393930396262376462373433383032666333656135346264623961316432
34373963623634333738303032666533623138666330646439626335393536643138353931316438
36353065666537353438393236336465343931653864303632336634666164336334356663323832
37356266376335346663343130343739656166323939616561616433643033353033393163326238
64343537316339626437626431333632326336643062663030363031323763333034616236666165
66643836323932323765656139323262643938666363646636633830346463383833636638363763
33646462326263626237666434633565303334666462323162626233383461316537626161303139
36323334666664303337623530333036393464663439306465353361316138326436386530323835
62663633383434303634336663646338663336363937663539616235653139353632393032333466
63616366356335623336353264333633353535646666636437386162386535626431366636393365
35383865343166393333613633306461303632656165643661633365353933326232346138326163
32396232306162633534313537333530643263626666643539316133353539366437343461633337
35393363373331396337633136386439373361656139653461626238383565666530373131666362
38333037356637316565353465343830616663663062303563353339343936346630393833623534
35633733336334336666653561373330376363333161613532313264633263663232633561363735
30333036323634656162616438303161323163386331326130306333376462303938353236346362
31373265623265663138323465376165353435656437303263336563376537636363623037343663
38336537373335363865663737303266666632376337356338326265623065333663356361353732
35393638396631316362313032303837346131316635633333323135396132613830656130303362
61396439363635653463663365343038376133346433323330373530393237666637666637663064
31333463653539633633363938396334663136346630336531633933376331616164623164393538
30613766323466303634366632616230646336663130613662393531376665616234616236386337
64336565616233313837313730636137386566376361656433643935346430326134353331396334
32323435613562336535306637306261373932663836633535633734326362666164626331663137
61386163306632316239633562663735363738333234336232663138303133356139
