$ANSIBLE_VAULT;1.1;AES256
65303837653863666665353065396361376264346334643833666432376437396264343832383261
3537303331346632623739326261376431333764306363390a663631303032356537636363386163
37386337643936346433626266613265333936376264356638396138633237343931643463336366
6231363664333366370a356563376435306439636330623533386564666162363663353161613164
30303238633063656436626663643166633834396232636232656165303231653736663636343363
63393137306530336234326334646639333433623432383766653931376333333065326539656463
32363965306636363635393963373333613364383231663632303563306439643137323131373336
61346262393562333037386439343766633833663536623730346632666332393535646461323665
39323035313731366164343232383834643738636232373535356330346266303837306636303531
35303862373833313837326164306533616430363163303239353935616239313366343966626536
36633731646664323239656466643966613032306636646531393038616137613535623663663461
62633439336430363934333835326434396662653933313330303133323434396666663930633032
36373238613839356431396366366536303233613464363033646265646663333134326430313034
65653763623830356638323031363530663333303364346439396465653062393333396264386462
323132363139383538306161613030653938
