$ANSIBLE_VAULT;1.1;AES256
66623166613730383964373537636436373739326339633139326133656130646336313934396566
3661626164326238396263353731323231313337303538310a316337663733623366323666646562
62613734643339363962643734636639633336643639653261383666363765336562646266376632
3564633034313064630a346330306537623230396264303862343839656331616565313031303030
66623433633933636566393166306132646439336633623564326266336535323039343664313834
65633561383836363135376561663232383932646663366331346130373764346462643537633464
33373262363732313036346464353434616430373336346535623436373337343736613832316630
39323661363364373461363037386332666362623835633164376237373530383766383431343534
36386339663939333131316632653861623165316638353063313537326239393330303637316565
30376566623734623232353136663335646635626337303665663934666364373137643030383333
62316335663634663163626639333937643163623064373131613931643331396432623034663532
38386637363262653965633335656663643731326339396366373636666438653932393432306531
62393465346332646436316363333465646366313935333137323031363032326334383861313334
32653337313434363364363531656138306666363339343965306534363166623836633037373634
39633361646461376366373836343036343164333834343938643561333164393662303665363763
32323530353438396438643965646630373639633463363631313136323736393164303838306435
33366535393235643433353733666632613234653833323866626131323237306531303763663865
62326463613135666435653264613133653637353634346232323537646539626232653035313661
66386363336136663637343436356336643738316263313933666338643265633735653462313135
31663861323036366261663639636630633161636138613266393235626236353165656564613563
36646132323035333837626331343166386433633563656631323335313730323661633931613034
34373939386237343533643561306234373861373132366362616162323733353163343438373234
313533343638313662323132323963616261
